((("pulp" .
   [0 0 1 0])
  ("chainer" .
   [0 0 1 1 0 0 0])
  ("np" .
   [1 0])
  ("imp" .
   [0 0 2])
  ("fmt" .
   [2 1 1])
  ("local-time:today" .
   [0 0 0 0 0 0 0 0 0 0 0 1 0 0 0 0])
  ("local-time" .
   [0 0 0 0 0 0 1 0 0 0])
  ("zero" .
   [3 0 0 0])
  ("one" .
   [4 0 0])
  ("quescount" .
   [0 0 1 0 0 0 0 0 0])
  ("vector" .
   [0 0 1 0 0 0])
  ("latest" .
   [0 0 0 0 2 0])
  ("head" .
   [1 1 0 0])
  ("fmax" .
   [1 0 0 1])
  ("precos" .
   [0 0 0 2 1 0])
  ("scsho" .
   [0 0 1 3 7])
  ("*n*" .
   [0 0 1])
  ("c4" .
   [3 0])
  ("c3" .
   [3 0])
  ("c2" .
   [3 0])
  ("c1" .
   [4 0])
  ("nest" .
   [3 0 4 4])
  ("qsort" .
   [0 0 1 0 0])
  ("cpC" .
   [0 0 1])
  ("gap" .
   [8 0 5])
  ("getMap" .
   [0 0 3 2 0 0])
  ("int" .
   [0 0 1])
  ("kari" .
   [12 0 2 0])
  ("mapSt" .
   [0 0 0 0 3])
  ("map" .
   [35 0 2])
  ("nowmax" .
   [0 0 3 0 0 0])
  ("point" .
   [0 0 2 1 2])
  ("comp" .
   [2 0 2 5])
  ("combi" .
   [0 0 0 2 1])
  ("manPoint" .
   [0 0 0 5 0 0 0 1])
  ("happy" .
   [0 0 2 0 0])
  ("ruin" .
   [2 0 7 0])
  ("kaiOfX" .
   [0 0 0 0 0 1])
  ("seppen" .
   [0 0 1 0 0 0])
  ("katamuki" .
   [0 0 2 0 1 0 0 0])
  ("firstBenef" .
   [0 0 1 1 0 0 0 0 0 4])
  ("sx" .
   [1 0])
  ("sy" .
   [1 0])
  ("destinationX" .
   [1 0 1 0 0 0 0 0 0 0 0 0])
  ("destinationY" .
   [1 0 1 2 0 0 0 0 0 0 0 1])
  ("destination" .
   [0 0 2 0 0 0 0 0 0 0 3])
  ("top" .
   [1 0 0])
  ("opCastle" .
   [0 0 0 0 2 0 0 1])
  ("99" .
   [7 0])
  ("rex" .
   [4 0 0])
  ("rey" .
   [5 0 2])
  ("isTopLeft" .
   [0 0 1 1 0 0 0 0 0])
  ("seeCount" .
   [0 0 0 0 1 0 0 2])
  ("true" .
   [3 0 2 2])
  ("workerFactoryCount" .
   [0 0 0 0 0 0 0 0 0 0 0 0 0 0 0 0 0 2])
  ("noSeeCount" .
   [0 0 2 0 0 0 0 0 0 0])
  ("20" .
   [1 0])
  ("workerCount" .
   [0 0 1 0 0 0 0 0 0 0 3])
  ("dist" .
   [1 0 0 0])
  ("40" .
   [1 0])
  ("BUILD_COST" .
   [0 0 1 0 0 0 0 0 0 0])
  ("stopWorkerCounte" .
   [0 0 1 1 0 1 0 0 0 0 0 0 0 0 0 0])
  ("forSee" .
   [0 0 0 0 0 3])
  ("nextY" .
   [0 0 6 0 1])
  ("tx" .
   [8 0])
  ("ty" .
   [8 0])
  ("Math_abs" .
   [0 0 3 0 0 0 0 1])
  ("false" .
   [0 0 1 2 0])
  ("stopProduce" .
   [0 0 1 5 0 1 0 0 0 0 3])
  ("currentTurn" .
   [0 0 0 1 0 0 0 0 0 0 0])
  ("produce" .
   [0 0 0 0 0 0 2])
  ("currentResource" .
   [0 0 0 0 0 0 0 0 1 0 0 0 0 0 4])
  ("*MAIL_PAGE*" .
   [0 0 0 0 0 0 0 0 0 0 1])
  ("get_mail_page" .
   [0 0 0 1 0 0 1 0 0 0 0 0 1])
  ("get_url" .
   [1 0 0 0 0 1 0])
  ("*add*" .
   [1 0 0 0 0])
  ("GET-TWIT-LHTML" .
   [0 0 0 0 0 0 0 0 0 0 0 0 0 1])
  ("t" .
   [1])
  ("GET-TWIT-LHTML:" .
   [0 0 0 0 0 0 0 0 0 0 0 0 0 0 1])
  ("*twitter-address*" .
   [0 0 0 0 0 0 0 0 0 0 0 0 0 0 0 0 1])
  ("new_lhtml" .
   [0 0 1 0 0 0 0 0 0])
  ("subseq" .
   [0 0 0 0 0 1])
  ("require" .
   [0 0 1 1 0 0 0])
  ("split" .
   [1 0 0 0 0])
  ("17" .
   [2 0])
  ("ak" .
   [4 0])
  ("cdar" .
   [1 0 0 0])
  ("cddar" .
   [0 0 0 1 0])
  ("CDATA" .
   [0 0 0 2 0])
  ("new" .
   [0 0 1])
  ("get_new_add" .
   [0 0 1 1 0 0 1 0 0 0 2])
  ("m" .
   [3])
  ("CHARACTER" .
   [0 0 0 0 1 0 0 0 0])
  ("float:left" .
   [0 0 0 0 0 1 0 0 0 0])
  ("type-of" .
   [0 0 3 2 0 0 0])
  ("*mail*" .
   [1 0 5 5 0 2])
  ("cat" .
   [2 0 0])
  ("*lhtml*" .
   [2 0 3 1 0 0 1])
  ("*lhtml+" .
   [0 0 1 0 0 0 0])
  ("ad" .
   [23 0])
  ("ada" .
   [0 0 2])
  ("aa" .
   [1 0])
  ("nth" .
   [1 0 0])
  ("lhtml" .
   [2 0 1 4 0])
  ("ASDF" .
   [0 0 0 1])
  ("aaaa" .
   [3 0 1 1])
  ("drakma" .
   [0 0 0 0 1 0])
  ("twitt.lisp" .
   [0 0 0 1 0 0 0 0 0 0])
  ("*address*" .
   [0 0 8 3 0 0 0 0 0])
  ("to_lhtml" .
   [0 0 7 3 0 0 0 0])
  ("get_add" .
   [0 0 2 5 2 1 1])
  ("adress" .
   [1 0 0 0 0 0])
  ("twitt.cl" .
   [0 0 1 1 0 0 0 0])
  ("defparameter" .
   [0 0 6 5 4 4 0 0 0 0 0 0])
  ("count_fineday" .
   [0 0 0 0 0 0 1 0 0 0 0 0 0])
  ("*result*" .
   [0 0 0 1 0 0 0 0])
  ("10000" .
   [1 0 0 1 0])
  ("cost" .
   [5 0 0 3])
  ("shitauke" .
   [0 0 0 0 0 1 0 0])
  ("nhw" .
   [4 0 0])
  ("data" .
   [0 0 1 0])
  ("set" .
   [3 0 0])
  ("time" .
   [13 0 0 0])
  ("judge" .
   [0 0 1 0 0])
  ("qNum" .
   [0 0 2 0])
  ("teamNum" .
   [0 0 1 1 0 0 0])
  ("no" .
   [7 0])
  ("lest" .
   [4 0 0 0])
  ("jmp2" .
   [1 0 0 0])
  ("jmp1" .
   [1 0 0 0])
  ("jmp3" .
   [1 0 1 0])
  ("now" .
   [10 0 0])
  ("card" .
   [2 0 4 0])
  ("amari" .
   [5 0 2 10 0])
  ("cd_case" .
   [0 0 6 0 0 0 0])
  ("change" .
   [1 0 0 1 0 0])
  ("turn" .
   [0 0 5 1])
  ("case_mount" .
   [0 0 1 0 0 0 0 0 1 0])
  ("listen_num" .
   [0 0 7 1 0 0 0 0 0 0])
  ("case_num" .
   [0 0 4 1 0 1 2 1])
  ("stdio" .
   [0 0 0 1 0])
  ("len" .
   [15 0 0])
  ("next" .
   [5 0 6 0])
  ("main" .
   [2 0 6 0])
  ("tok" .
   [1 0 0])
  ("scanf" .
   [5 0 8 38 3])
  ("parameters" .
   [0 0 0 1 0 0 0 0 0 0])
  ("ql:quickload" .
   [0 0 1 0 0 0 0 0 0 0 0 0])
  ("*edges*" .
   [0 0 4 0 0 0 0])
  ("uwi.dot" .
   [1 0 0 0 0 0 0])
  ("game.lisp" .
   [0 0 0 0 1 0 0 0 0])
  ("flag2" .
   [5 0 1 0 0])
  ("break" .
   [0 0 0 1 0])
  ("isalnum" .
   [0 0 1 0 0 0 0])
  ("18" .
   [2 0])
  ("pt" .
   [2 0])
  ("HOST_LEN" .
   [0 0 0 0 1 0 0 0])
  ("sprintf" .
   [1 0 0 0 0 0 0])
  ("str4" .
   [7 0 0 0])
  ("strstr" .
   [1 0 0 0 0 0])
  ("str3" .
   [3 0 0 0])
  ("in" .
   [4 0])
  ("h" .
   [1])
  ("strcat" .
   [0 0 0 0 0 1])
  ("else" .
   [0 0 5 3])
  ("return" .
   [1 0 9 7 6 2])
  ("str2" .
   [6 0 1 0])
  ("str" .
   [4 0 0])
  ("cop" .
   [1 0 0])
  ("strtok" .
   [1 0 0 0 1 2])
  ("servname" .
   [1 0 19 1 0 0 0 0])
  ("kadai13" .
   [1 0 0 0 0 0 0])
  ("MAXLINE" .
   [0 0 0 0 1 0 0])
  ("buf" .
   [3 0 0])
  ("TIME" .
   [0 0 5 0])
  ("float" .
   [0 0 1 0 0])
  ("getString" .
   [0 0 2 0 0 0 0 0 0])
  ("emacsshort" .
   [0 0 0 1 1 0 0 0 0 0])
  ("emacs" .
   [2 0 0 0 0])
  ("speed" .
   [5 0 3 1 0])
  ("timer" .
   [0 0 0 1 0])
  ("list" .
   [9 0 0 0])
  ("15" .
   [2 0])
  ("defun" .
   [17 0 1 0 0])
  ("setq" .
   [6 0 0 4])
  ("16" .
   [2 0])
  ("dotimes" .
   [1 0 1 0 0 0 0])
  ("bin" .
   [4 0 0])
  ("0" .
   [1])
  ("0000" .
   [1 0 0 0])
  ("format" .
   [0 0 2 1 0 0])
  ("outlist" .
   [0 0 0 0 1 0 0])
  ("inlist" .
   [0 0 1 0 1 0])
  ("cons" .
   [5 0 0 0])
  ("car" .
   [31 0 1])
  ("load" .
   [3 0 2 1])
  ("printf" .
   [7 0 36 58 10 24])
  ("*nodes*" .
   [0 0 0 2 1 0 0])
  ("there" .
   [1 0 0 0 0])
  ("attic" .
   [0 0 1 0 0])
  ("the" .
   [2 0 0])
  ("you" .
   [1 0 0])
  ("garden" .
   [0 0 0 1 1 0])
  ("living-room" .
   [0 0 1 0 0 0 0 0 0 0 0])
  ("b0" .
   [1 0])
  ("g0" .
   [1 0])
  ("r0" .
   [1 0])
  ("Pr1" .
   [1 0 0])
  ("Pr" .
   [1 0])
  ("255" .
   [4 0 0])
  ("pI1" .
   [2 0 0])
  ("pI" .
   [5 0])
  ("213" .
   [2 0 0])
  ("152" .
   [3 0 0])
  ("142" .
   [3 0 0])
  ("iNamedElements" .
   [0 0 0 1 0 0 0 0 0 0 0 0 0 0])
  ("length" .
   [0 0 1 0 0 0])
  ("iOperations" .
   [0 0 1 0 0 0 0 0 0 0 0])
  ("id" .
   [1 0])
  ("eq" .
   [3 0])
  ("d" .
   [4])
  ("s" .
   [19])
  ("Node" .
   [0 0 0 1])
  ("Now" .
   [0 0 1])
  ("number" .
   [0 0 8 0 0 0])
  ("count" .
   [2 0 17 10 5])
  ("check" .
   [2 0 1 3 0])
  ("size" .
   [1 0 4 0])
  ("Ixx" .
   [1 0 0])
  ("name" .
   [1 0 0 0])
  ("foreach" .
   [0 0 0 1 0 0 0])
  ("keys" .
   [2 0 0 0])
  ("word_list" .
   [1 0 3 1 1 0 0 0 0])
  ("sorted_list" .
   [1 0 1 1 0 0 0 0 0 0 0])
  ("values" .
   [0 0 1 0 0 0])
  ("key" .
   [2 0 1])
  ("word" .
   [10 0 10 0])
  ("gi" .
   [2 0])
  ("double" .
   [0 0 0 24 1 0])
  ("line" .
   [3 0 0 0])
  ("OUTFILE" .
   [0 0 1 0 0 0 0])
  ("chomp" .
   [0 0 0 0 1])
  ("__END__" .
   [0 0 1 0 0 0 0])
  ("marine" .
   [1 0 0 0 0 0])
  ("perl" .
   [1 0 0 0])
  ("nelem" .
   [0 0 1 0 0])
  ("Loaded" .
   [0 0 1 1 0 0])
  ("print" .
   [14 0 1 4 2])
  ("LUT" .
   [1 0 0])
  ("size_t" .
   [1 0 0 0 0 0])
  ("idx" .
   [2 0 0])
  ("idx_r" .
   [1 0 0 0 0])
  ("idx_b" .
   [1 0 0 0 0])
  ("while" .
   [0 0 1 3 0])
  ("clear" .
   [0 0 1 0 0])
  ("contains" .
   [0 0 1 1 0 0 0 0])
  ("elementAt" .
   [0 0 0 2 0 0 0 0 0])
  ("add" .
   [1 0 0])
  ("insertElementAt" .
   [0 0 0 0 1 0 0 0 0 0 0 0 0 0 0])
  ("compareTo" .
   [0 0 0 1 0 0 0 0 0])
  ("compared" .
   [0 0 2 0 0 0 0 0])
  ("get" .
   [8 0 4])
  ("String" .
   [0 0 1 0 1 0])
  ("st" .
   [3 0])
  ("System" .
   [1 0 1 0 0 0])
  ("out" .
   [2 0 1])
  ("println" .
   [1 0 1 0 0 0 0])
  ("Set" .
   [2 0 0])
  ("date" .
   [1 0 0 0])
  ("Ndate" .
   [3 0 3 1 0])
  ("year" .
   [2 0 0 0])
  ("if" .
   [9 2])
  ("include" .
   [3 0 5 2 0 1 3])
  ("phone" .
   [1 0 2 0 0])
  ("mday" .
   [1 0 1 0])
  ("mon" .
   [2 0 0])
  ("email" .
   [0 0 0 2 0])
  ("flock" .
   [0 0 4 0 0])
  ("FILE" .
   [0 0 1 0])
  ("message" .
   [1 0 3 0 1 0 1])
  ("n" .
   [5])
  ("null" .
   [3 0 0 0])
  ("me" .
   [1 0])
  ("ne" .
   [2 0])
  ("log" .
   [1 0 1])
  ("LOG1" .
   [0 0 1 0])
  ("area" .
   [1 0 0 0])
  ("sparse" .
   [0 0 1 1 0 0])
  ("width" .
   [1 0 1 0 0])
  ("height" .
   [1 0 1 0 0 0])
  ("1000" .
   [2 0 0 0])
  ("c" .
   [1])
  ("char" .
   [0 0 1 0])
  ("filename" .
   [3 0 0 0 0 0 0 0])
  ("FN_MAX" .
   [0 0 2 0 1 0])
  ("flag" .
   [13 0 3 16])
  ("argv" .
   [2 0 9 1])
  ("adr" .
   [1 0 2])
  ("str1" .
   [0 0 2 0])
  ("define" .
   [0 0 1 0 0 0])
  ("100" .
   [16 0 0])
  ("vertex" .
   [0 0 0 2 0 1])
  ("180" .
   [2 0 0])
  ("alias" .
   [0 0 1 2 0])
  ("function" .
   [0 0 0 0 1 0 0 0])
  ("java" .
   [1 0 0 0])
  ("javasql" .
   [0 0 0 0 0 1 0])
  ("username" .
   [0 0 1 2 0 0 0 0])
  ("strlen" .
   [2 0 1 3 1 4])
  ("NULL" .
   [13 0 0 0])
  ("flag1" .
   [2 0 1 1 0])
  ("argc" .
   [1 0 1 2])
  ("GARDEN" .
   [0 0 0 0 1 1])
  ("*NODES*" .
   [0 0 2 1 0 0 0])
  ("location" .
   [1 0 0 0 0 0 0 0])
  ("DESCIBE-LOCATION" .
   [0 0 0 1 0 0 0 0 0 0 0 0 0 0 0 0])
  ("LIVING-ROOM" .
   [0 0 1 0 0 0 0 0 0 0 0])
  ("graph->dot" .
   [0 0 0 1 0 0 1 0 0 0])
  ("nodes" .
   [6 0 0 0 0])
  ("edges" .
   [3 0 1 0 0])
  ("dot->png" .
   [0 0 0 1 0 1 0 0])
  ("fname" .
   [2 0 0 0 0])
  ("lambda" .
   [3 0 5 2 0 0])
  ("GRAPH->PNG" .
   [0 0 0 1 0 0 0 0 0 0])
  ("lst" .
   [4 0 0])
  ("unless" .
   [1 0 0 0 0 0])
  ("assoc" .
   [3 0 0 0 0])
  ("edge" .
   [5 0 5 1])
  ("ugraph->png" .
   [0 0 2 0 1 0 0 0 0 0 0])
  ("let*" .
   [1 0 0 0])
  ("loop" .
   [3 0 0 0])
  ("*node-num*" .
   [0 0 0 1 0 0 0 0 0 0])
  ("collect" .
   [2 0 0 0 1 0 0])
  ("edge-list" .
   [0 0 1 0 0 5 0 0 1])
  ("connect-all-islands" .
   [0 0 0 0 0 1 0 0 0 0 0 0 0 0 0 0 0 0 0])
  ("make-edge-list" .
   [0 0 0 0 0 0 1 0 0 0 0 0 0 0])
  ("remove-if-not" .
   [0 0 0 0 1 0 0 0 0 0 0 0 0])
  ("random" .
   [1 0 1 1 0 1])
  ("*cop-odds*" .
   [0 0 0 1 0 0 0 0 0 0])
  ("cops" .
   [1 0 0 1])
  ("edge-to-alist" .
   [0 0 0 0 0 1 0 0 0 0 0 0 0])
  ("node1" .
   [6 0 0 0 0])
  ("mapc" .
   [1 0 0 0])
  ("mapcar" .
   [4 0 0 0 0 1])
  ("cdr" .
   [14 0 4])
  ("direct-edges" .
   [0 0 0 0 0 1 0 0 0 0 0 0])
  ("remove-duplicates" .
   [0 0 0 0 1 0 0 0 0 0 0 0 0 0 0 0 0])
  ("add-cops" .
   [0 0 0 0 1 0 0 0])
  ("node" .
   [3 0 0 0])
  ("let" .
   [3 0 0])
  ("edge-pair" .
   [0 0 0 0 0 0 1 0 0])
  ("node2" .
   [2 0 0 0 0])
  ("edges-" .
   [1 0 0 0 0 0])
  ("edges-with-cops" .
   [0 0 0 0 0 0 0 1 0 0 0 0 0 0 0])
  (":test" .
   [1 0 0 0 0])
  ("equal" .
   [1 0 0 0 0])
  ("edge-alist" .
   [1 0 0 1 0 0 10 1 0 0])
  ("wumpus.lisp" .
   [0 0 1 0 0 0 0 0 0 0 0])
  ("member" .
   [2 0 0 0 0 0])
  ("neighbors" .
   [0 0 1 1 0 0 0 0 0])
  ("within-one" .
   [2 0 2 1 0 0 0 0 1 0])
  ("for" .
   [1 0 22])
  ("random-node" .
   [2 0 0 0 0 0 0 0 0 0 0])
  ("from" .
   [1 0 0 0])
  ("to" .
   [2 0])
  ("append" .
   [1 0 0 0 0 0])
  ("eql" .
   [1 0 0])
  ("wumpus" .
   [0 0 3 0 0 0])
  ("within-two" .
   [0 0 0 0 0 0 0 0 1 0])
  ("cond" .
   [1 0 0 0])
  ("glow-woems" .
   [0 0 2 0 0 1 0 0 0 0])
  ("some" .
   [2 0 0 0])
  ("worm" .
   [1 0 0 0])
  ("when" .
   [1 0 0 0])
  ("csr" .
   [1 0 0])
  ("*congestion-city-edges*" .
   [0 0 0 1 0 0 1 0 0 0 0 0 0 0 0 0 0 0 1 0 0 0 0])
  ("make-city-edges" .
   [0 0 0 0 0 0 1 0 0 0 0 0 0 0 0])
  ("setf" .
   [5 0 3 4])
  ("*congestion-city-nodes*" .
   [0 0 0 1 1 0 0 0 0 0 0 0 0 0 0 0 0 1 1 0 0 0 0])
  ("make-ctiy-nodes" .
   [0 0 0 0 1 0 0 0 0 0 0 0 0 0 0])
  ("*visited-nodes*" .
   [0 0 0 1 0 0 0 0 0 0 0 0 0 0 0])
  ("*player-pos*" .
   [0 0 0 1 0 0 0 0 0 0 0 0])
  ("find-island" .
   [0 0 0 0 0 1 0 0 0 0 0])
  ("find-empty-node" .
   [0 0 0 0 0 0 2 0 0 0 0 0 0 0 0])
  ("draw-city" .
   [0 0 0 0 1 0 0 0 0])
  ("*worm-num*" .
   [1 0 0 0 0 0 0 0 0 0])
  ("node1-edges" .
   [0 0 0 0 0 1 0 0 0 0 0])
  ("board" .
   [0 0 7 0 0])
  ("pre" .
   [5 0 0])
  ("ypre" .
   [4 0 0 0])
  ("xpre" .
   [3 0 0 0])
  ("num" .
   [65 0 2])
  ("void" .
   [0 0 1 0])
  ("func1" .
   [1 0 0 0 0])
  ("funk2" .
   [1 0 0 1 0])
  ("swap" .
   [5 0 1 3])
  ("func3" .
   [1 0 0 0 0])
  ("good" .
   [4 0 1 0])
  ("tv" .
   [3 0])
  ("strcpy" .
   [0 0 0 1 1 0])
  ("10" .
   [1 0])
  ("zan" .
   [2 0 0])
  ("max" .
   [46 0 2])
  ("kouho" .
   [6 0 0 0 0])
  ("127" .
   [0 0 1])
  ("fib" .
   [21 0 0])
  ("ans" .
   [19 0 2])
  ("bun" .
   [4 0 0])
  ("dataNum" .
   [0 0 2 1 0 0 0])
  ("train" .
   [0 0 0 0 1])
  ("bre" .
   [6 0 0])
  ("pair" .
   [3 0 7 8])
  ("webNum" .
   [0 0 1 1 0 0])
  ("breNum" .
   [2 0 0 1 1 0])
  ("puls" .
   [0 0 1 0])
  ("~/.emacs.d" .
   [0 0 1 0 0 0 0 0 0 0])
  ("~/.emacs.d/site-lisp" .
   [0 0 0 0 0 0 0 0 0 0 0 0 0 0 0 0 0 0 0 1])
  ("sdadad" .
   [0 0 0 1 0 0])
  ("make_address" .
   [0 0 2 1 2 0 0 0 0 0 0 0])
  ("weather.cl" .
   [0 0 1 0 0 0 0 0 0 0])
  ("string" .
   [0 0 0 0 1 0])
  ("myUnitNum" .
   [0 0 4 1 0 0 0 0 0])
  ("struct" .
   [0 0 0 0 2 0])
  ("resource" .
   [1 0 0 0 4 0 0 6])
  ("nowStage" .
   [0 0 2 0 1 0 0 0])
  ("nowTurn" .
   [0 0 0 0 1 0 0])
  ("myResources" .
   [0 0 1 0 0 0 0 0 0 0 0])
  ("unit" .
   [0 0 0 1])
  ("myUnit" .
   [0 0 0 0 0 1])
  ("i" .
   [9])
  ("type" .
   [1 0 1 0])
  ("WORKER_FACTORY" .
   [1 0 5 0 0 0 0 0 0 0 0 0 0 0])
  ("WORKER" .
   [0 0 3 0 0 0])
  ("workerNum" .
   [0 0 1 0 0 0 0 2 9])
  ("purpose" .
   [0 0 6 6 0 0 4])
  ("ASSASSIN" .
   [0 0 0 2 0 0 0 0])
  ("assumptionSee" .
   [0 0 0 4 4 0 0 0 0 0 0 0 0])
  ("see" .
   [6 0 0])
  ("xBenefit" .
   [0 0 0 1 0 0 0 0])
  ("yBenefit" .
   [0 0 1 0 0 0 0 0])
  ("assumpY" .
   [0 0 1 0 1 0 4])
  ("assumpX" .
   [2 0 0 0 0 0 2])
  ("begin" .
   [0 0 1 0 0])
  ("moveBenef" .
   [0 0 0 0 0 0 0 0 8])
  ("maxMoveBenef" .
   [0 0 2 0 0 0 0 0 0 0 0 2])
  ("movetoy" .
   [0 0 1 0 0 0 0])
  ("workWeiht" .
   [0 0 4 0 0 0 0 0 0])
  ("noManResorce" .
   [0 0 0 1 0 0 0 0 0 0 0 1])
  ("bool" .
   [0 0 1 0])
  ("resourceSetter" .
   [0 0 0 0 0 0 0 0 0 1 0 0 0 6])
  ("seeResourceNum" .
   [0 0 2 2 0 0 0 0 0 0 0 0 0 3])
  ("remainingTime" .
   [1 0 0 0 0 0 0 0 0 0 0 0 0])
  ("resourceNum" .
   [0 0 0 0 0 0 0 0 0 0 4])
  ("/usr/local/texlive/2014/bin/x86_64-darwin/platex" .
   [0 0 0 0 0 0 0 0 0 0 0 0 0 0 0 0 0 0 0 0 0 0 0 1 0 0 0 0 0 0 0 0 0 0 0 0 0 0 0 0 0 0 0 0 0 0 0 0])
  ("den" .
   [8 0 2])
  ("nextDen" .
   [0 0 8 0 0 0 0])
  ("mapnum" .
   [1 0 0 1 0 4])
  ("maxmap" .
   [0 0 0 2 0 1])
  ("viMap" .
   [0 0 3 0 0])
  ("posi" .
   [1 0 0 0])
  ("getY" .
   [0 0 2 1])
  ("100000" .
   [2 0 0 0 1 0])
  ("itsX" .
   [1 0 4 0])
  ("sup" .
   [11 0 1])
  ("supMap" .
   [1 0 1 2 1 13])
  ("preSup" .
   [0 0 0 4 0 0])
  ("prevMap" .
   [0 0 0 0 1 0 1])
  ("supSt" .
   [4 0 0 0 5])
  ("tail" .
   [2 0 0 0])
  ("MOD" .
   [2 0 4])
  ("memset" .
   [0 0 3 0 0 2])
  ("sizeof" .
   [0 0 5 0 0 0])
  ("wall" .
   [2 0 0 0])
  ("heigt" .
   [0 0 0 1 0])
  ("progn" .
   [0 0 0 0 1])
  ("read" .
   [2 0 0 0])
  ("defvar" .
   [0 0 3 0 0 0])
  ("*c*" .
   [10 0 1])
  ("*c" .
   [1 0])
  ("read-line" .
   [1 0 0 0 0 0 0 0 0])
  ("write" .
   [1 0 0 2 0])
  ("*c2*" .
   [1 0 0 0])
  ("nowConb" .
   [0 0 1 0 0 0 1])
  ("result" .
   [0 1 0 1 1 1])
  ("permu" .
   [0 0 1 0 0])
  ("comb" .
   [1 0 1 1])
  ("pena" .
   [3 0 1 1])
  ("amida" .
   [12 0 0 4 4])
  ("a" .
   [1])
  ("bar" .
   [3 0 0])
  ("amidacp" .
   [7 0 0 1 0 0 5])
  ("original" .
   [0 0 0 5 0 0 0 0])
  ("amidasq" .
   [0 0 0 0 0 0 1])
  ("amidaexpt" .
   [2 0 0 0 0 0 0 0 1])
  ("pow" .
   [1 0 0])
  ("abs" .
   [0 0 1])
  ("busstop" .
   [0 0 9 0 0 0 3])
  ("fmin" .
   [1 0 0 0])
  ("relation" .
   [1 0 2 4 10 0 0 0])
  ("quicklisp-quickstart:install" .
   [0 0 0 0 0 0 0 0 0 0 0 0 0 0 0 0 0 0 0 0 0 0 0 0 0 0 0 2])
  ("rate" .
   [2 0 1 0])
  ("saiki" .
   [1 0 0 0 0])
  ("min" .
   [1 0 0])
  ("sum" .
   [1 0 0])
  ("defsystem" .
   [0 0 0 1 0 0 0 0 0])
  ("print_function" .
   [0 0 0 0 0 2 0 0 0 0 0 0 0 0])
  ("n_input" .
   [0 0 1 0 0 0 0])
  ("shape" .
   [1 0 0 1 0])
  ("trainset" .
   [1 0 0 0 0 0 0 0])
  ("layers" .
   [0 0 0 0 1 0])
  ("layer_trainers" .
   [0 0 0 0 0 1 0 0 0 0 0 0 0 1])
  ("prin" .
   [1 0 0 0])
  ("testset" .
   [1 0 0 0 0 0 0])
  ("info" .
   [0 0 0 1])
  ("import" .
   [0 0 2 1 0 6])
  ("numpy" .
   [1 0 2 1 0])
  ("as" .
   [1 0])
  ("sys" .
   [0 0 1])
  ("Println" .
   [0 0 0 1 0 0 0])
  ("Printf" .
   [0 1 0 0 0 0])
  ("macsa" .
   [0 0 0 1 0])
  ("then" .
   [0 0 0 1])))
